Header
42 4d  # Signature
16 fa 04 00 # File Size
00 00 00 00 # Unused
8a 00 00 00 # Offset

Info
7c 00 00 00 # Info header size (124)
93 01 00 00 # Width
0d 01 00 00 # Height
01 00       # Planes
18 00       # Bits per pixel
00 00 00 00 # ?
8c f9 04 00 # Size of raw bitmap data (incl padding)
12 0b 00 00 # Pixels/m horizontal
12 0b 00 00 # Pixels/m vertical
00 00 00 00 # Colors in palette
00 00 00 00 # Important colors
00 00 ff 00 # Red channel bit mask
00 ff 00 00 # Green channel bit mask
ff 00 00 00 # Blue channel bit mask
00 00 00 ff # Alpha channel bit mask
42 47 52 73 # BGRs
00 00 00 00 # 
00 00 00 00 #
00 00 00 00 #
00 00 00 00 #
00 00 00 00 #
00 00 00 00 #
00 00 00 00
00 00 00 00 
00 00 04 00 
00 00 00 00
00 00 00 00
00 00 00 00
00 00 02 05
0a 01 04 09
01 04 09 01 04 09 01 04  09 01 04 09 01 04 09 00
03 08 01 04 09 01 04 09  01 04 09 00 03 08 00 03
08 00 03 08 00 03 08 00  03 08 00 02 07 00 02 07
00 02 07 00 02 07 00 02  07 00 02 07 00 02 07 00
02 07 00 03 08 00 03 08  00 03 08 00 03 08 00 03
08 00 02 07 00 02 07 00  02 07 00 02 06 00 02 06
00 02 06 00 03 07 00 03  07 00 03 07 00 03 07 00
03 07 00 03 07 00 03 07  00 03 07 00 03 07 00 03
07 00 03 07 00 03 07 00  03 07 01 04 08 01 04 08
01 04 08 00 03 07 00 03  07 00 03 07 00 03 07 00
03 07 00 03 07 00 03 07  00 03 07 00 03 07 00 03
